Volumen del solido intersectado    Volumen del bloque    Minado
---------------------------------------------------------------
95.09508706846711   1000.0   0.09509508706846712
228.12162626069042   1000.0   0.2281216262606904
430.9304981339665   1000.0   0.4309304981339665
1000.0000000000001   1000.0   1.0000000000000002
459.41828637514845   1000.0   0.4594182863751485
1000.0000000000001   1000.0   1.0000000000000002
499.7404852260512   1000.0   0.4997404852260512
1000.0000000000001   1000.0   1.0000000000000002
499.99999000084114   1000.0   0.4999999900008411
487.9060746163304   1000.0   0.4879060746163304
1000.0000000000001   1000.0   1.0000000000000002
516.3938628575124   1000.0   0.5163938628575124
1000.0000000000001   1000.0   1.0000000000000002
1000.0000000000001   1000.0   1.0000000000000002
1000.0000000000001   1000.0   1.0000000000000002
1000.0000000000001   1000.0   1.0000000000000002
1000.0000000000001   1000.0   1.0000000000000002
49.240625000675216   1000.0   0.04924062500067521
147.52187500052972   1000.0   0.1475218750005297
544.8816510979668   1000.0   0.5448816510979668
1000.0000000000001   1000.0   1.0000000000000002
573.3694393384213   1000.0   0.5733694393384213
1000.0000000000001   1000.0   1.0000000000000002
1000.0000000000001   1000.0   1.0000000000000002
850.6115301194131   1000.0   0.8506115301194132
1000.0000000000001   1000.0   1.0000000000000002
319.7793984407327   1000.0   0.31977939844073267
58.01885843600779   1000.0   0.05801885843600779
601.8572275796032   1000.0   0.6018572275796032
1000.0000000000001   1000.0   1.0000000000000002
630.3450158207852   1000.0   0.6303450158207852
1000.0000000000001   1000.0   1.0000000000000002
1000.0000000000001   1000.0   1.0000000000000002
416.9103619962697   1000.0   0.41691036199626974
1000.0000000000001   1000.0   1.0000000000000002
514.041325551807   1000.0   0.5140413255518069
658.8328040619672   1000.0   0.6588328040619672
1000.0000000000001   1000.0   1.0000000000000002
285.47725775611934   1000.0   0.2854772577561193
799.1305147268577   1000.0   0.7991305147268577
1000.0000000000001   1000.0   1.0000000000000002
611.1722891073441   1000.0   0.6111722891073441
700.8404169348069   1000.0   0.7008404169348068
214.9740247030294   1000.0   0.2149740247030294
---------------------------------------------------------------
