Volumen del solido intersectado    Volumen del bloque    Minado
---------------------------------------------------------------
223.9509536083243   1000.0   0.22395095360832432
228.17266351641655   1000.0   0.22817266351641655
430.9304981339664   1000.0   0.4309304981339664
945.7473809916729   1000.0   0.9457473809916729
459.41828637514845   1000.0   0.4594182863751485
999.9999999999997   1000.0   0.9999999999999997
442.32930120260175   1000.0   0.4423293012026018
1000.011488715279   1000.0   1.0000114887152791
500.02360375110584   1000.0   0.5000236037511059
487.90607461633044   1000.0   0.48790607461633045
999.9999999999998   1000.0   0.9999999999999998
516.3938628575124   1000.0   0.5163938628575124
1000.0000000000001   1000.0   1.0000000000000002
1000.0000000000002   1000.0   1.0000000000000002
1000.0   1000.0   1.0
1000.0000000000001   1000.0   1.0000000000000002
1000.0000000000001   1000.0   1.0000000000000002
49.24062500067521   1000.0   0.049240625000675206
147.5218750005297   1000.0   0.14752187500052968
544.8816510979668   1000.0   0.5448816510979668
1000.0000000000001   1000.0   1.0000000000000002
573.3694393384211   1000.0   0.5733694393384211
1000.0000000000001   1000.0   1.0000000000000002
1000.0   1000.0   1.0
727.9035184845976   1000.0   0.7279035184845977
1000.0000000000001   1000.0   1.0000000000000002
319.7793984407326   1000.0   0.3197793984407326
129.3213783112888   1000.0   0.12932137831128881
601.8572275796032   1000.0   0.6018572275796032
1000.0000000000002   1000.0   1.0000000000000002
630.3450158207852   1000.0   0.6303450158207852
1000.0000000000002   1000.0   1.0000000000000002
1000.0   1000.0   1.0
416.9103619962698   1000.0   0.4169103619962698
1000.0000000000001   1000.0   1.0000000000000002
514.0413255518071   1000.0   0.514041325551807
658.8328040619672   1000.0   0.6588328040619672
999.9999999999999   1000.0   0.9999999999999999
605.1628031591349   1000.0   0.605162803159135
799.1305147268577   1000.0   0.7991305147268577
1000.0000000000001   1000.0   1.0000000000000002
611.1722891073441   1000.0   0.6111722891073441
700.8404169348071   1000.0   0.700840416934807
425.124894402159   1000.0   0.425124894402159
---------------------------------------------------------------
